18_20 male 6023 6010 8721 15604 14397 50755
18_20 female 5657 5620 8003 14839 13632 47751
21_25 male 16146 14349 21020 41105 36701 129321
21_25 female 15728 13904 20130 38950 35417 124129
26_30 male 18015 15519 21935 44788 41167 141424
26_30 female 18002 14895 20761 41591 39019 134268
31_35 male 18241 15186 18211 39366 37634 128638
31_35 female 18397 14836 16935 37331 36802 124301
36_40 male 20673 16922 19360 42395 38480 137830
36_40 female 21663 18047 19513 41331 38685 139239
41_45 male 23448 19818 21371 42556 36195 143388
41_45 female 25630 21923 22965 45161 39484 155163
46_50 male 24507 20434 22573 41521 34691 143726
46_50 female 28609 22941 26717 49546 43083 170896
51_55 male 29540 22046 28886 52051 45768 178291
51_55 female 34010 24892 32841 61906 56225 209874
56_60 male 33977 24488 33094 64413 59651 215623
56_60 female 37324 25622 34331 65575 64224 227076
61_65 male 30437 21984 27372 54501 51104 185398
61_65 female 32731 23801 30203 55622 51974 194331
66_70 male 27326 19909 23115 42716 38551 151617
66_70 female 28847 20951 25845 41024 36199 152866
71_ male 47601 39289 49819 65133 52289 254131
71_ female 54200 43774 59462 63578 53268 274282